%YAML:1.0
---
t2c_r:
   - !!opencv-matrix
      rows: 3
      cols: 3
      dt: f
      data: [ 7.21911907e-01, -6.20991945e-01, 3.05306762e-01,
          -5.12084663e-01, -7.76168704e-01, -3.67874265e-01,
          4.65416491e-01, 1.09229885e-01, -8.78325880e-01 ]
   - !!opencv-matrix
      rows: 3
      cols: 3
      dt: f
      data: [ 4.51912254e-01, 8.47834587e-01, 2.77401924e-01,
          7.88699925e-01, -5.25036156e-01, 3.19827139e-01,
          4.16806579e-01, 7.42530823e-02, -9.05957401e-01 ]
   - !!opencv-matrix
      rows: 3
      cols: 3
      dt: f
      data: [ 7.74275064e-01, 6.08689129e-01, 1.73192620e-01,
          5.29181123e-01, -7.72815585e-01, 3.50319058e-01,
          3.47081363e-01, -1.79593056e-01, -9.20478582e-01 ]
   - !!opencv-matrix
      rows: 3
      cols: 3
      dt: f
      data: [ 9.92116749e-01, 1.25277624e-01, -3.14874924e-03,
          1.11285381e-01, -8.69198203e-01, 4.81777996e-01,
          5.76191209e-02, -4.78330433e-01, -8.76287639e-01 ]
   - !!opencv-matrix
      rows: 3
      cols: 3
      dt: f
      data: [ 8.09408963e-01, -5.86480618e-01, -2.99595259e-02,
          -4.89891797e-01, -7.02478290e-01, 5.16265750e-01,
          -3.23825777e-01, -4.03193176e-01, -8.55904281e-01 ]
   - !!opencv-matrix
      rows: 3
      cols: 3
      dt: f
      data: [ 2.68202245e-01, -9.61977899e-01, 5.16335219e-02,
          -8.26861441e-01, -2.02366516e-01, 5.24736106e-01,
          -4.94335622e-01, -1.83429167e-01, -8.49697590e-01 ]
   - !!opencv-matrix
      rows: 3
      cols: 3
      dt: f
      data: [ -1.34127419e-02, -9.76131201e-01, 2.16767013e-01,
          -8.56980443e-01, 1.22915030e-01, 5.00476241e-01,
          -5.15174389e-01, -1.79052323e-01, -8.38173985e-01 ]
   - !!opencv-matrix
      rows: 3
      cols: 3
      dt: f
      data: [ -7.46496022e-01, -6.64787233e-01, 2.83136331e-02,
          -4.98728007e-01, 5.87180734e-01, 6.37565017e-01,
          -4.40470308e-01, 4.61818933e-01, -7.69876063e-01 ]
   - !!opencv-matrix
      rows: 3
      cols: 3
      dt: f
      data: [ -9.31092680e-01, -3.57108742e-01, 7.44297355e-02,
          -2.02000961e-01, 6.74650729e-01, 7.09959149e-01,
          -3.03746700e-01, 6.46002889e-01, -7.00298667e-01 ]
   - !!opencv-matrix
      rows: 3
      cols: 3
      dt: f
      data: [ -9.82145965e-01, -3.96389067e-02, 1.83897033e-01,
          9.78874415e-02, 7.27099955e-01, 6.79517210e-01,
          -1.60646841e-01, 6.85386300e-01, -7.10238159e-01 ]
   - !!opencv-matrix
      rows: 3
      cols: 3
      dt: f
      data: [ -9.82157767e-01, 1.63340852e-01, -9.31984037e-02,
          4.02847640e-02, 6.66814744e-01, 7.44133890e-01, 1.83693528e-01,
          7.27102399e-01, -6.61497355e-01 ]
   - !!opencv-matrix
      rows: 3
      cols: 3
      dt: f
      data: [ -8.51577997e-01, 4.94989693e-01, -1.72627196e-01,
          2.58926034e-01, 6.83478475e-01, 6.82506025e-01, 4.55820411e-01,
          5.36509454e-01, -7.10200906e-01 ]
   - !!opencv-matrix
      rows: 3
      cols: 3
      dt: f
      data: [ -9.91432250e-01, 8.37562606e-02, -1.00234754e-01,
          1.05285645e-02, 8.16108882e-01, 5.77802241e-01, 1.30197033e-01,
          5.71796477e-01, -8.09998512e-01 ]
   - !!opencv-matrix
      rows: 3
      cols: 3
      dt: f
      data: [ -6.77597463e-01, -7.22813189e-01, -1.35656908e-01,
          -6.65781796e-01, 5.24541497e-01, 5.30651331e-01,
          -3.12404096e-01, 4.49885905e-01, -8.36663842e-01 ]
   - !!opencv-matrix
      rows: 3
      cols: 3
      dt: f
      data: [ -8.03052112e-02, -9.74494874e-01, -2.09548980e-01,
          -8.83192062e-01, -2.78934073e-02, 4.68181282e-01,
          -4.62085307e-01, 2.22669393e-01, -8.58426213e-01 ]
   - !!opencv-matrix
      rows: 3
      cols: 3
      dt: f
      data: [ 6.79924607e-01, -7.25313365e-01, -1.07810296e-01,
          -6.42169178e-01, -6.59950018e-01, 3.89980465e-01,
          -3.54007423e-01, -1.95924863e-01, -9.14490104e-01 ]
   - !!opencv-matrix
      rows: 3
      cols: 3
      dt: f
      data: [ 9.99916375e-01, 4.37642308e-03, 1.21701546e-02,
          1.88079290e-03, -9.80208814e-01, 1.97957471e-01,
          1.27956383e-02, -1.97918013e-01, -9.80135083e-01 ]
   - !!opencv-matrix
      rows: 3
      cols: 3
      dt: f
      data: [ 8.36627543e-01, 5.45964956e-01, 4.44587544e-02,
          5.05771637e-01, -8.01098645e-01, 3.20056319e-01,
          2.10355371e-01, -2.45281950e-01, -9.46354806e-01 ]
   - !!opencv-matrix
      rows: 3
      cols: 3
      dt: f
      data: [ 4.69106972e-01, 8.56166601e-01, 2.16604128e-01,
          7.45446503e-01, -5.15385449e-01, 4.22714323e-01,
          4.73548502e-01, -3.68314460e-02, -8.79997313e-01 ]
   - !!opencv-matrix
      rows: 3
      cols: 3
      dt: f
      data: [ -6.14792287e-01, 7.81467736e-01, -1.06482886e-01,
          7.36053169e-01, 6.17004752e-01, 2.78443575e-01, 2.83295125e-01,
          9.28079039e-02, -9.54531610e-01 ]
t2c_t:
   - !!opencv-matrix
      rows: 3
      cols: 1
      dt: f
      data: [ -9.40174866e+01, 2.34983444e+01, 6.31000061e+02 ]
   - !!opencv-matrix
      rows: 3
      cols: 1
      dt: f
      data: [ -1.15671730e+01, 1.84562778e+01, 6.39000061e+02 ]
   - !!opencv-matrix
      rows: 3
      cols: 1
      dt: f
      data: [ -1.06415497e+02, 1.24572342e+02, 693. ]
   - !!opencv-matrix
      rows: 3
      cols: 1
      dt: f
      data: [ 9.02471542e+00, 1.90068512e+02, 734. ]
   - !!opencv-matrix
      rows: 3
      cols: 1
      dt: f
      data: [ -4.36988182e+01, 7.91581802e+01, 670. ]
   - !!opencv-matrix
      rows: 3
      cols: 1
      dt: f
      data: [ -4.72515831e+01, 1.37122208e+02, 6.44000061e+02 ]
   - !!opencv-matrix
      rows: 3
      cols: 1
      dt: f
      data: [ -1.02604706e+02, 2.10305115e+02, 6.39000061e+02 ]
   - !!opencv-matrix
      rows: 3
      cols: 1
      dt: f
      data: [ 8.28815918e+01, 8.46882172e+01, 749. ]
   - !!opencv-matrix
      rows: 3
      cols: 1
      dt: f
      data: [ 1.99252655e+02, 9.82734985e+01, 7.93000061e+02 ]
   - !!opencv-matrix
      rows: 3
      cols: 1
      dt: f
      data: [ 8.13828278e+01, 1.13227129e+01, 7.42000061e+02 ]
   - !!opencv-matrix
      rows: 3
      cols: 1
      dt: f
      data: [ 1.98070984e+02, 4.41050644e+01, 7.69000061e+02 ]
   - !!opencv-matrix
      rows: 3
      cols: 1
      dt: f
      data: [ 1.02291473e+02, 6.28454132e+01, 763. ]
   - !!opencv-matrix
      rows: 3
      cols: 1
      dt: f
      data: [ 1.06683426e+02, -2.40696087e+01, 684. ]
   - !!opencv-matrix
      rows: 3
      cols: 1
      dt: f
      data: [ 1.05386971e+02, 1.60135635e+02, 8.03000061e+02 ]
   - !!opencv-matrix
      rows: 3
      cols: 1
      dt: f
      data: [ -5.28065348e+00, 1.78137283e+02, 7.37000061e+02 ]
   - !!opencv-matrix
      rows: 3
      cols: 1
      dt: f
      data: [ -5.57560692e+01, 1.86887192e+02, 669. ]
   - !!opencv-matrix
      rows: 3
      cols: 1
      dt: f
      data: [ -1.45859604e+02, 1.28809601e+02, 652. ]
   - !!opencv-matrix
      rows: 3
      cols: 1
      dt: f
      data: [ -6.77231522e+01, 5.13088264e+01, 651. ]
   - !!opencv-matrix
      rows: 3
      cols: 1
      dt: f
      data: [ -9.57536316e+01, -1.97278805e+01, 6.44000061e+02 ]
   - !!opencv-matrix
      rows: 3
      cols: 1
      dt: f
      data: [ 9.09072876e+01, -1.17925385e+02, 615. ]
g2b_r:
   - !!opencv-matrix
      rows: 3
      cols: 3
      dt: f
      data: [ 7.40469694e-01, -4.96480495e-01, 4.53003049e-01,
          -5.91225624e-01, -8.01719368e-01, 8.77402648e-02,
          3.19619983e-01, -3.32796007e-01, -8.87180865e-01 ]
   - !!opencv-matrix
      rows: 3
      cols: 3
      dt: f
      data: [ 4.09220695e-01, 7.94043422e-01, 4.49481368e-01,
          8.65832448e-01, -4.93355751e-01, 8.32722262e-02,
          2.87875980e-01, 3.55098844e-01, -8.89399946e-01 ]
   - !!opencv-matrix
      rows: 3
      cols: 3
      dt: f
      data: [ 7.44635820e-01, 5.48302591e-01, 3.80633354e-01,
          6.43478274e-01, -7.41224527e-01, -1.91106990e-01,
          1.77350327e-01, 3.87234420e-01, -9.04763162e-01 ]
   - !!opencv-matrix
      rows: 3
      cols: 3
      dt: f
      data: [ 9.84664917e-01, 1.47996202e-01, 9.23695043e-02,
          1.74385935e-01, -8.50018144e-01, -4.97049958e-01,
          4.95425053e-03, 5.05535603e-01, -8.62791538e-01 ]
   - !!opencv-matrix
      rows: 3
      cols: 3
      dt: f
      data: [ 8.34991992e-01, -4.43438232e-01, -3.25808138e-01,
          -5.48589766e-01, -7.16974616e-01, -4.30112332e-01,
          -4.28679213e-02, 5.37875354e-01, -8.41933727e-01 ]
   - !!opencv-matrix
      rows: 3
      cols: 3
      dt: f
      data: [ 3.10909301e-01, -7.98154593e-01, -5.16027808e-01,
          -9.49954927e-01, -2.43623346e-01, -1.95533499e-01,
          3.03495340e-02, 5.50996304e-01, -8.33955646e-01 ]
   - !!opencv-matrix
      rows: 3
      cols: 3
      dt: f
      data: [ 2.67598312e-02, -8.42052460e-01, -5.38731456e-01,
          -9.81268942e-01, 8.07232782e-02, -1.74914286e-01,
          1.90775171e-01, 5.33321083e-01, -8.24119806e-01 ]
   - !!opencv-matrix
      rows: 3
      cols: 3
      dt: f
      data: [ -7.14852929e-01, -5.13998389e-01, -4.74121183e-01,
          -6.99215651e-01, 5.34224033e-01, 4.75081235e-01,
          9.09592118e-03, 6.71126187e-01, -7.41287351e-01 ]
   - !!opencv-matrix
      rows: 3
      cols: 3
      dt: f
      data: [ -9.15213883e-01, -2.27972671e-01, -3.32283020e-01,
          -3.99180055e-01, 6.25702262e-01, 6.70188010e-01,
          5.51257022e-02, 7.46006131e-01, -6.63653553e-01 ]
   - !!opencv-matrix
      rows: 3
      cols: 3
      dt: f
      data: [ -9.82021391e-01, 6.21631779e-02, -1.78240776e-01,
          -8.55042189e-02, 6.95326865e-01, 7.13589191e-01,
          1.68294579e-01, 7.16000199e-01, -6.77510619e-01 ]
   - !!opencv-matrix
      rows: 3
      cols: 3
      dt: f
      data: [ -9.86853540e-01, -5.14336443e-03, 1.61535129e-01,
          1.20616958e-01, 6.41818643e-01, 7.57311285e-01,
          -1.07571378e-01, 7.66839206e-01, -6.32760584e-01 ]
   - !!opencv-matrix
      rows: 3
      cols: 3
      dt: f
      data: [ -8.74897182e-01, 2.07128793e-01, 4.37781394e-01,
          4.51361328e-01, 6.76426351e-01, 5.81996858e-01,
          -1.75578564e-01, 7.06785023e-01, -6.85293436e-01 ]
   - !!opencv-matrix
      rows: 3
      cols: 3
      dt: f
      data: [ -9.93893862e-01, -3.58274803e-02, 1.04361981e-01,
          3.54178995e-02, 7.92180121e-01, 6.09258711e-01,
          -1.04501694e-01, 6.09234810e-01, -7.86074042e-01 ]
   - !!opencv-matrix
      rows: 3
      cols: 3
      dt: f
      data: [ -6.40557587e-01, -6.81425035e-01, -3.54042232e-01,
          -7.54060447e-01, 4.70995724e-01, 4.57772762e-01,
          -1.45185426e-01, 5.60199082e-01, -8.15535545e-01 ]
   - !!opencv-matrix
      rows: 3
      cols: 3
      dt: f
      data: [ -3.43419611e-02, -8.67830098e-01, -4.95672792e-01,
          -9.73751783e-01, -8.26064795e-02, 2.12093413e-01,
          -2.25006834e-01, 4.89945978e-01, -8.42214286e-01 ]
   - !!opencv-matrix
      rows: 3
      cols: 3
      dt: f
      data: [ 7.12694824e-01, -5.99085808e-01, -3.64914089e-01,
          -6.91721439e-01, -6.86650753e-01, -2.23678842e-01,
          -1.16565697e-01, 4.11833644e-01, -9.03772950e-01 ]
   - !!opencv-matrix
      rows: 3
      cols: 3
      dt: f
      data: [ 9.98615980e-01, 4.48233373e-02, 2.75143292e-02,
          4.99398597e-02, -9.72211242e-01, -2.28716731e-01,
          1.64978933e-02, 2.29774237e-01, -9.73104119e-01 ]
   - !!opencv-matrix
      rows: 3
      cols: 3
      dt: f
      data: [ 8.10025036e-01, 5.33607841e-01, 2.43150324e-01,
          5.83856285e-01, -7.72459447e-01, -2.49836415e-01,
          5.45090847e-02, 3.44338596e-01, -9.37261820e-01 ]
   - !!opencv-matrix
      rows: 3
      cols: 3
      dt: f
      data: [ 4.29435074e-01, 7.50147045e-01, 5.02856791e-01,
          8.76011133e-01, -4.81354833e-01, -3.00343577e-02,
          2.19522357e-01, 4.53405946e-01, -8.63847792e-01 ]
   - !!opencv-matrix
      rows: 3
      cols: 3
      dt: f
      data: [ -6.53600633e-01, 7.01975882e-01, 2.82906353e-01,
          7.51785398e-01, 6.45299852e-01, 1.35672033e-01,
          -8.73209238e-02, 3.01360190e-01, -9.49503601e-01 ]
g2b_t:
   - !!opencv-matrix
      rows: 3
      cols: 1
      dt: f
      data: [ 2.79021698e+02, 1.15841537e+02, 5.56011902e+02 ]
   - !!opencv-matrix
      rows: 3
      cols: 1
      dt: f
      data: [ 3.29787781e+02, 2.71354309e+02, 6.12924805e+02 ]
   - !!opencv-matrix
      rows: 3
      cols: 1
      dt: f
      data: [ 3.59869415e+02, 5.56714539e+02, 6.51520813e+02 ]
   - !!opencv-matrix
      rows: 3
      cols: 1
      dt: f
      data: [ 4.68048889e+02, 7.55431641e+02, 6.00895752e+02 ]
   - !!opencv-matrix
      rows: 3
      cols: 1
      dt: f
      data: [ 7.78173157e+02, 5.37083679e+02, 5.85725891e+02 ]
   - !!opencv-matrix
      rows: 3
      cols: 1
      dt: f
      data: [ 8.85748169e+02, 3.73674988e+02, 5.41743225e+02 ]
   - !!opencv-matrix
      rows: 3
      cols: 1
      dt: f
      data: [ 9.31094482e+02, 2.89271027e+02, 5.17236572e+02 ]
   - !!opencv-matrix
      rows: 3
      cols: 1
      dt: f
      data: [ 8.74715942e+02, 2.24140034e+01, 5.87508301e+02 ]
   - !!opencv-matrix
      rows: 3
      cols: 1
      dt: f
      data: [ 9.15622803e+02, -1.30054031e+02, 5.46149597e+02 ]
   - !!opencv-matrix
      rows: 3
      cols: 1
      dt: f
      data: [ 6.84882080e+02, -1.02050941e+02, 5.68067078e+02 ]
   - !!opencv-matrix
      rows: 3
      cols: 1
      dt: f
      data: [ 5.40295593e+02, -2.17648087e+02, 5.65235046e+02 ]
   - !!opencv-matrix
      rows: 3
      cols: 1
      dt: f
      data: [ 2.45795471e+02, -9.10503922e+01, 5.71481201e+02 ]
   - !!opencv-matrix
      rows: 3
      cols: 1
      dt: f
      data: [ 5.01919617e+02, 2.80124283e+01, 6.36894104e+02 ]
   - !!opencv-matrix
      rows: 3
      cols: 1
      dt: f
      data: [ 8.58947266e+02, -1.19779329e+01, 6.53718262e+02 ]
   - !!opencv-matrix
      rows: 3
      cols: 1
      dt: f
      data: [ 9.20418640e+02, 1.27224213e+02, 5.90707092e+02 ]
   - !!opencv-matrix
      rows: 3
      cols: 1
      dt: f
      data: [ 8.63596375e+02, 4.51711121e+02, 5.71673462e+02 ]
   - !!opencv-matrix
      rows: 3
      cols: 1
      dt: f
      data: [ 6.81300049e+02, 4.90529266e+02, 6.37561890e+02 ]
   - !!opencv-matrix
      rows: 3
      cols: 1
      dt: f
      data: [ 4.78492401e+02, 5.00302338e+02, 6.41231323e+02 ]
   - !!opencv-matrix
      rows: 3
      cols: 1
      dt: f
      data: [ 3.57053925e+02, 3.97895111e+02, 6.44360291e+02 ]
   - !!opencv-matrix
      rows: 3
      cols: 1
      dt: f
      data: [ 5.40170532e+02, 3.60835175e+02, 6.53353455e+02 ]
