%YAML:1.0
---
R_daniilids: !!opencv-matrix
   rows: 3
   cols: 3
   dt: d
   data: [ 9.3735256639368458e-01, 8.9494166257348073e-02,
       3.3669119454045021e-01, -3.3426933212019355e-01,
       5.0332457411445264e-01, 7.9682393707545263e-01,
       -9.8153858197693289e-02, -8.5945050311138171e-01,
       5.0170773645868783e-01 ]
T_daniilids: !!opencv-matrix
   rows: 3
   cols: 1
   dt: d
   data: [ 2.0069291774206107e+01, -9.3116168923924079e+01,
       2.1040583240054862e+03 ]
R_park: !!opencv-matrix
   rows: 3
   cols: 3
   dt: d
   data: [ 9.9926373434556759e-01, -3.5422230146736788e-02,
       -1.4739566926541159e-02, 3.4895741899307893e-02,
       9.9879314394231933e-01, -3.4562158656261811e-02,
       1.5946047129190399e-02, 3.4022363602653094e-02,
       9.9929385185530040e-01 ]
T_park: !!opencv-matrix
   rows: 3
   cols: 1
   dt: d
   data: [ -2.9190165086475012e+01, -9.8598928466235662e+01,
       -9.5866331813712478e+00 ]
R_tsai: !!opencv-matrix
   rows: 3
   cols: 3
   dt: d
   data: [ 9.9928707572133091e-01, -3.4896373936684578e-02,
       -1.4407754244925098e-02, 3.4385221543569350e-02,
       9.9881922923814359e-01, -3.4319146893831684e-02,
       1.5588355773163835e-02, 3.3799266119130811e-02,
       9.9930706630849830e-01 ]
T_tsai: !!opencv-matrix
   rows: 3
   cols: 1
   dt: d
   data: [ -2.9427842041736703e+01, -9.8635934050658776e+01,
       -9.5097698695254209e+00 ]
R_horaud: !!opencv-matrix
   rows: 3
   cols: 3
   dt: d
   data: [ 9.9926423806407982e-01, -3.5467155057230415e-02,
       -1.4596692719936225e-02, 3.4945126491038661e-02,
       9.9879058243821905e-01, -3.4586277152195602e-02,
       1.5805716078026080e-02, 3.4050746612512839e-02,
       9.9929511456545772e-01 ]
T_horaud: !!opencv-matrix
   rows: 3
   cols: 1
   dt: d
   data: [ -2.9204639769056371e+01, -9.8598396013554620e+01,
       -9.5845009491347142e+00 ]
R_andreff: !!opencv-matrix
   rows: 3
   cols: 3
   dt: d
   data: [ 9.9931673667995891e-01, -3.2892047418840810e-02,
       -1.6857431830335050e-02, 3.2137749319925323e-02,
       9.9854869386113521e-01, -4.3216559984226972e-02,
       1.8254447676314522e-02, 4.2645271775630482e-02,
       9.9892349853991069e-01 ]
T_andreff: !!opencv-matrix
   rows: 3
   cols: 1
   dt: d
   data: [ -2.9265565621329358e+01, -9.8748219077429496e+01,
       -2.7686379118293406e+01 ]
