%YAML:1.0
---
t2c_r:
   - !!opencv-matrix
      rows: 3
      cols: 3
      dt: f
      data: [ 9.89644229e-01, -1.21403769e-01, 7.65857697e-02,
          -1.21405594e-01, -9.92592096e-01, -4.64932900e-03,
          7.65828714e-02, -4.69675893e-03, -9.97052133e-01 ]
   - !!opencv-matrix
      rows: 3
      cols: 3
      dt: f
      data: [ 9.89644229e-01, -1.21403769e-01, 7.65857697e-02,
          -1.21405594e-01, -9.92592096e-01, -4.64932900e-03,
          7.65828714e-02, -4.69675893e-03, -9.97052133e-01 ]
   - !!opencv-matrix
      rows: 3
      cols: 3
      dt: f
      data: [ 9.89644229e-01, -1.21403769e-01, 7.65857697e-02,
          -1.21405594e-01, -9.92592096e-01, -4.64932900e-03,
          7.65828714e-02, -4.69675893e-03, -9.97052133e-01 ]
   - !!opencv-matrix
      rows: 3
      cols: 3
      dt: f
      data: [ 9.89644229e-01, -1.21403769e-01, 7.65857697e-02,
          -1.21405594e-01, -9.92592096e-01, -4.64932900e-03,
          7.65828714e-02, -4.69675893e-03, -9.97052133e-01 ]
   - !!opencv-matrix
      rows: 3
      cols: 3
      dt: f
      data: [ 9.89644229e-01, -1.21403769e-01, 7.65857697e-02,
          -1.21405594e-01, -9.92592096e-01, -4.64932900e-03,
          7.65828714e-02, -4.69675893e-03, -9.97052133e-01 ]
   - !!opencv-matrix
      rows: 3
      cols: 3
      dt: f
      data: [ 9.89644229e-01, -1.21403769e-01, 7.65857697e-02,
          -1.21405594e-01, -9.92592096e-01, -4.64932900e-03,
          7.65828714e-02, -4.69675893e-03, -9.97052133e-01 ]
   - !!opencv-matrix
      rows: 3
      cols: 3
      dt: f
      data: [ 9.89644229e-01, -1.21403769e-01, 7.65857697e-02,
          -1.21405594e-01, -9.92592096e-01, -4.64932900e-03,
          7.65828714e-02, -4.69675893e-03, -9.97052133e-01 ]
   - !!opencv-matrix
      rows: 3
      cols: 3
      dt: f
      data: [ 9.89644229e-01, -1.21403769e-01, 7.65857697e-02,
          -1.21405594e-01, -9.92592096e-01, -4.64932900e-03,
          7.65828714e-02, -4.69675893e-03, -9.97052133e-01 ]
   - !!opencv-matrix
      rows: 3
      cols: 3
      dt: f
      data: [ 9.89644229e-01, -1.21403769e-01, 7.65857697e-02,
          -1.21405594e-01, -9.92592096e-01, -4.64932900e-03,
          7.65828714e-02, -4.69675893e-03, -9.97052133e-01 ]
   - !!opencv-matrix
      rows: 3
      cols: 3
      dt: f
      data: [ 9.89644229e-01, -1.21403769e-01, 7.65857697e-02,
          -1.21405594e-01, -9.92592096e-01, -4.64932900e-03,
          7.65828714e-02, -4.69675893e-03, -9.97052133e-01 ]
   - !!opencv-matrix
      rows: 3
      cols: 3
      dt: f
      data: [ 9.89644229e-01, -1.21403769e-01, 7.65857697e-02,
          -1.21405594e-01, -9.92592096e-01, -4.64932900e-03,
          7.65828714e-02, -4.69675893e-03, -9.97052133e-01 ]
   - !!opencv-matrix
      rows: 3
      cols: 3
      dt: f
      data: [ 9.89644229e-01, -1.21403769e-01, 7.65857697e-02,
          -1.21405594e-01, -9.92592096e-01, -4.64932900e-03,
          7.65828714e-02, -4.69675893e-03, -9.97052133e-01 ]
   - !!opencv-matrix
      rows: 3
      cols: 3
      dt: f
      data: [ 9.89644229e-01, -1.21403769e-01, 7.65857697e-02,
          -1.21405594e-01, -9.92592096e-01, -4.64932900e-03,
          7.65828714e-02, -4.69675893e-03, -9.97052133e-01 ]
   - !!opencv-matrix
      rows: 3
      cols: 3
      dt: f
      data: [ 9.89644229e-01, -1.21403769e-01, 7.65857697e-02,
          -1.21405594e-01, -9.92592096e-01, -4.64932900e-03,
          7.65828714e-02, -4.69675893e-03, -9.97052133e-01 ]
   - !!opencv-matrix
      rows: 3
      cols: 3
      dt: f
      data: [ 9.89644229e-01, -1.21403769e-01, 7.65857697e-02,
          -1.21405594e-01, -9.92592096e-01, -4.64932900e-03,
          7.65828714e-02, -4.69675893e-03, -9.97052133e-01 ]
   - !!opencv-matrix
      rows: 3
      cols: 3
      dt: f
      data: [ 9.89644229e-01, -1.21403769e-01, 7.65857697e-02,
          -1.21405594e-01, -9.92592096e-01, -4.64932900e-03,
          7.65828714e-02, -4.69675893e-03, -9.97052133e-01 ]
   - !!opencv-matrix
      rows: 3
      cols: 3
      dt: f
      data: [ 9.89644229e-01, -1.21403769e-01, 7.65857697e-02,
          -1.21405594e-01, -9.92592096e-01, -4.64932900e-03,
          7.65828714e-02, -4.69675893e-03, -9.97052133e-01 ]
   - !!opencv-matrix
      rows: 3
      cols: 3
      dt: f
      data: [ 9.89644229e-01, -1.21403769e-01, 7.65857697e-02,
          -1.21405594e-01, -9.92592096e-01, -4.64932900e-03,
          7.65828714e-02, -4.69675893e-03, -9.97052133e-01 ]
   - !!opencv-matrix
      rows: 3
      cols: 3
      dt: f
      data: [ 9.89644229e-01, -1.21403769e-01, 7.65857697e-02,
          -1.21405594e-01, -9.92592096e-01, -4.64932900e-03,
          7.65828714e-02, -4.69675893e-03, -9.97052133e-01 ]
   - !!opencv-matrix
      rows: 3
      cols: 3
      dt: f
      data: [ 9.89644229e-01, -1.21403769e-01, 7.65857697e-02,
          -1.21405594e-01, -9.92592096e-01, -4.64932900e-03,
          7.65828714e-02, -4.69675893e-03, -9.97052133e-01 ]
   - !!opencv-matrix
      rows: 3
      cols: 3
      dt: f
      data: [ 9.89644229e-01, -1.21403769e-01, 7.65857697e-02,
          -1.21405594e-01, -9.92592096e-01, -4.64932900e-03,
          7.65828714e-02, -4.69675893e-03, -9.97052133e-01 ]
t2c_t:
   - !!opencv-matrix
      rows: 3
      cols: 1
      dt: f
      data: [ -1.39574356e+02, -8.15805912e+00, 582. ]
   - !!opencv-matrix
      rows: 3
      cols: 1
      dt: f
      data: [ -1.39574356e+02, -8.15805912e+00, 582. ]
   - !!opencv-matrix
      rows: 3
      cols: 1
      dt: f
      data: [ -1.39574356e+02, -8.15805912e+00, 582. ]
   - !!opencv-matrix
      rows: 3
      cols: 1
      dt: f
      data: [ -1.39574356e+02, -8.15805912e+00, 582. ]
   - !!opencv-matrix
      rows: 3
      cols: 1
      dt: f
      data: [ -1.39574356e+02, -8.15805912e+00, 582. ]
   - !!opencv-matrix
      rows: 3
      cols: 1
      dt: f
      data: [ -1.39574356e+02, -8.15805912e+00, 582. ]
   - !!opencv-matrix
      rows: 3
      cols: 1
      dt: f
      data: [ -1.39574356e+02, -8.15805912e+00, 582. ]
   - !!opencv-matrix
      rows: 3
      cols: 1
      dt: f
      data: [ -1.39574356e+02, -8.15805912e+00, 582. ]
   - !!opencv-matrix
      rows: 3
      cols: 1
      dt: f
      data: [ -1.39574356e+02, -8.15805912e+00, 582. ]
   - !!opencv-matrix
      rows: 3
      cols: 1
      dt: f
      data: [ -1.39574356e+02, -8.15805912e+00, 582. ]
   - !!opencv-matrix
      rows: 3
      cols: 1
      dt: f
      data: [ -1.39574356e+02, -8.15805912e+00, 582. ]
   - !!opencv-matrix
      rows: 3
      cols: 1
      dt: f
      data: [ -1.39574356e+02, -8.15805912e+00, 582. ]
   - !!opencv-matrix
      rows: 3
      cols: 1
      dt: f
      data: [ -1.39574356e+02, -8.15805912e+00, 582. ]
   - !!opencv-matrix
      rows: 3
      cols: 1
      dt: f
      data: [ -1.39574356e+02, -8.15805912e+00, 582. ]
   - !!opencv-matrix
      rows: 3
      cols: 1
      dt: f
      data: [ -1.39574356e+02, -8.15805912e+00, 582. ]
   - !!opencv-matrix
      rows: 3
      cols: 1
      dt: f
      data: [ -1.39574356e+02, -8.15805912e+00, 582. ]
   - !!opencv-matrix
      rows: 3
      cols: 1
      dt: f
      data: [ -1.39574356e+02, -8.15805912e+00, 582. ]
   - !!opencv-matrix
      rows: 3
      cols: 1
      dt: f
      data: [ -1.39574356e+02, -8.15805912e+00, 582. ]
   - !!opencv-matrix
      rows: 3
      cols: 1
      dt: f
      data: [ -1.39574356e+02, -8.15805912e+00, 582. ]
   - !!opencv-matrix
      rows: 3
      cols: 1
      dt: f
      data: [ -1.39574356e+02, -8.15805912e+00, 582. ]
   - !!opencv-matrix
      rows: 3
      cols: 1
      dt: f
      data: [ -1.39574356e+02, -8.15805912e+00, 582. ]
g2b_r:
   - !!opencv-matrix
      rows: 3
      cols: 3
      dt: f
      data: [ 9.95024204e-01, -5.28603308e-02, 8.44545588e-02,
          -5.28574586e-02, -9.98599470e-01, -2.27156025e-03,
          8.44563544e-02, -2.20379606e-03, -9.96424735e-01 ]
   - !!opencv-matrix
      rows: 3
      cols: 3
      dt: f
      data: [ 9.95024383e-01, -5.28603345e-02, 8.44525546e-02,
          -5.28574213e-02, -9.98599470e-01, -2.27203057e-03,
          8.44543800e-02, -2.20321841e-03, -9.96424913e-01 ]
   - !!opencv-matrix
      rows: 3
      cols: 3
      dt: f
      data: [ 9.95024383e-01, -5.28603345e-02, 8.44525546e-02,
          -5.28574213e-02, -9.98599470e-01, -2.27203057e-03,
          8.44543800e-02, -2.20321841e-03, -9.96424913e-01 ]
   - !!opencv-matrix
      rows: 3
      cols: 3
      dt: f
      data: [ 9.95024383e-01, -5.28603345e-02, 8.44525546e-02,
          -5.28574213e-02, -9.98599470e-01, -2.27203057e-03,
          8.44543800e-02, -2.20321841e-03, -9.96424913e-01 ]
   - !!opencv-matrix
      rows: 3
      cols: 3
      dt: f
      data: [ 9.95024383e-01, -5.28603345e-02, 8.44525546e-02,
          -5.28574213e-02, -9.98599470e-01, -2.27203057e-03,
          8.44543800e-02, -2.20321841e-03, -9.96424913e-01 ]
   - !!opencv-matrix
      rows: 3
      cols: 3
      dt: f
      data: [ 9.95024562e-01, -5.28603382e-02, 8.44505504e-02,
          -5.28573804e-02, -9.98599470e-01, -2.27250089e-03,
          8.44523981e-02, -2.20264075e-03, -9.96425092e-01 ]
   - !!opencv-matrix
      rows: 3
      cols: 3
      dt: f
      data: [ 9.95024383e-01, -5.28603345e-02, 8.44525546e-02,
          -5.28574213e-02, -9.98599470e-01, -2.27203057e-03,
          8.44543800e-02, -2.20321841e-03, -9.96424913e-01 ]
   - !!opencv-matrix
      rows: 3
      cols: 3
      dt: f
      data: [ 9.95024383e-01, -5.28603345e-02, 8.44525546e-02,
          -5.28574213e-02, -9.98599470e-01, -2.27203057e-03,
          8.44543800e-02, -2.20321841e-03, -9.96424913e-01 ]
   - !!opencv-matrix
      rows: 3
      cols: 3
      dt: f
      data: [ 9.95024383e-01, -5.28603345e-02, 8.44525546e-02,
          -5.28574213e-02, -9.98599470e-01, -2.27203057e-03,
          8.44543800e-02, -2.20321841e-03, -9.96424913e-01 ]
   - !!opencv-matrix
      rows: 3
      cols: 3
      dt: f
      data: [ 9.95024383e-01, -5.28603345e-02, 8.44525546e-02,
          -5.28574213e-02, -9.98599470e-01, -2.27203057e-03,
          8.44543800e-02, -2.20321841e-03, -9.96424913e-01 ]
   - !!opencv-matrix
      rows: 3
      cols: 3
      dt: f
      data: [ 9.95024383e-01, -5.28603345e-02, 8.44525546e-02,
          -5.28574213e-02, -9.98599470e-01, -2.27203057e-03,
          8.44543800e-02, -2.20321841e-03, -9.96424913e-01 ]
   - !!opencv-matrix
      rows: 3
      cols: 3
      dt: f
      data: [ 9.95024383e-01, -5.28603345e-02, 8.44525546e-02,
          -5.28574213e-02, -9.98599470e-01, -2.27203057e-03,
          8.44543800e-02, -2.20321841e-03, -9.96424913e-01 ]
   - !!opencv-matrix
      rows: 3
      cols: 3
      dt: f
      data: [ 9.95024383e-01, -5.28603345e-02, 8.44525546e-02,
          -5.28574213e-02, -9.98599470e-01, -2.27203057e-03,
          8.44543800e-02, -2.20321841e-03, -9.96424913e-01 ]
   - !!opencv-matrix
      rows: 3
      cols: 3
      dt: f
      data: [ 9.95024383e-01, -5.28603345e-02, 8.44525546e-02,
          -5.28574213e-02, -9.98599470e-01, -2.27203057e-03,
          8.44543800e-02, -2.20321841e-03, -9.96424913e-01 ]
   - !!opencv-matrix
      rows: 3
      cols: 3
      dt: f
      data: [ 9.95024383e-01, -5.28603345e-02, 8.44525546e-02,
          -5.28574213e-02, -9.98599470e-01, -2.27203057e-03,
          8.44543800e-02, -2.20321841e-03, -9.96424913e-01 ]
   - !!opencv-matrix
      rows: 3
      cols: 3
      dt: f
      data: [ 9.95024383e-01, -5.28603345e-02, 8.44525546e-02,
          -5.28574213e-02, -9.98599470e-01, -2.27203057e-03,
          8.44543800e-02, -2.20321841e-03, -9.96424913e-01 ]
   - !!opencv-matrix
      rows: 3
      cols: 3
      dt: f
      data: [ 9.95024383e-01, -5.28603345e-02, 8.44525546e-02,
          -5.28574213e-02, -9.98599470e-01, -2.27203057e-03,
          8.44543800e-02, -2.20321841e-03, -9.96424913e-01 ]
   - !!opencv-matrix
      rows: 3
      cols: 3
      dt: f
      data: [ 9.95024383e-01, -5.28603345e-02, 8.44525546e-02,
          -5.28574213e-02, -9.98599470e-01, -2.27203057e-03,
          8.44543800e-02, -2.20321841e-03, -9.96424913e-01 ]
   - !!opencv-matrix
      rows: 3
      cols: 3
      dt: f
      data: [ 9.95024383e-01, -5.28603345e-02, 8.44525546e-02,
          -5.28574213e-02, -9.98599470e-01, -2.27203057e-03,
          8.44543800e-02, -2.20321841e-03, -9.96424913e-01 ]
   - !!opencv-matrix
      rows: 3
      cols: 3
      dt: f
      data: [ 9.95024383e-01, -5.28603345e-02, 8.44525546e-02,
          -5.28574213e-02, -9.98599470e-01, -2.27203057e-03,
          8.44543800e-02, -2.20321841e-03, -9.96424913e-01 ]
   - !!opencv-matrix
      rows: 3
      cols: 3
      dt: f
      data: [ 9.95024562e-01, -5.28603382e-02, 8.44505504e-02,
          -5.28573804e-02, -9.98599470e-01, -2.27250089e-03,
          8.44523981e-02, -2.20264075e-03, -9.96425092e-01 ]
g2b_t:
   - !!opencv-matrix
      rows: 3
      cols: 1
      dt: f
      data: [ 6.31034607e+02, 1.80763245e+02, 5.91928772e+02 ]
   - !!opencv-matrix
      rows: 3
      cols: 1
      dt: f
      data: [ 6.31035461e+02, 1.80763458e+02, 5.91927429e+02 ]
   - !!opencv-matrix
      rows: 3
      cols: 1
      dt: f
      data: [ 6.31035461e+02, 1.80763458e+02, 5.91927429e+02 ]
   - !!opencv-matrix
      rows: 3
      cols: 1
      dt: f
      data: [ 6.31035461e+02, 1.80763458e+02, 5.91927429e+02 ]
   - !!opencv-matrix
      rows: 3
      cols: 1
      dt: f
      data: [ 6.31035461e+02, 1.80763458e+02, 5.91927429e+02 ]
   - !!opencv-matrix
      rows: 3
      cols: 1
      dt: f
      data: [ 6.31036377e+02, 1.80763672e+02, 5.91926086e+02 ]
   - !!opencv-matrix
      rows: 3
      cols: 1
      dt: f
      data: [ 6.31035461e+02, 1.80763458e+02, 5.91927429e+02 ]
   - !!opencv-matrix
      rows: 3
      cols: 1
      dt: f
      data: [ 6.31035461e+02, 1.80763458e+02, 5.91927429e+02 ]
   - !!opencv-matrix
      rows: 3
      cols: 1
      dt: f
      data: [ 6.31035461e+02, 1.80763458e+02, 5.91927429e+02 ]
   - !!opencv-matrix
      rows: 3
      cols: 1
      dt: f
      data: [ 6.31035461e+02, 1.80763458e+02, 5.91927429e+02 ]
   - !!opencv-matrix
      rows: 3
      cols: 1
      dt: f
      data: [ 6.31035461e+02, 1.80763458e+02, 5.91927429e+02 ]
   - !!opencv-matrix
      rows: 3
      cols: 1
      dt: f
      data: [ 6.31035461e+02, 1.80763458e+02, 5.91927429e+02 ]
   - !!opencv-matrix
      rows: 3
      cols: 1
      dt: f
      data: [ 6.31035461e+02, 1.80763458e+02, 5.91927429e+02 ]
   - !!opencv-matrix
      rows: 3
      cols: 1
      dt: f
      data: [ 6.31035461e+02, 1.80763458e+02, 5.91927429e+02 ]
   - !!opencv-matrix
      rows: 3
      cols: 1
      dt: f
      data: [ 6.31035461e+02, 1.80763458e+02, 5.91927429e+02 ]
   - !!opencv-matrix
      rows: 3
      cols: 1
      dt: f
      data: [ 6.31035461e+02, 1.80763458e+02, 5.91927429e+02 ]
   - !!opencv-matrix
      rows: 3
      cols: 1
      dt: f
      data: [ 6.31035461e+02, 1.80763458e+02, 5.91927429e+02 ]
   - !!opencv-matrix
      rows: 3
      cols: 1
      dt: f
      data: [ 6.31035461e+02, 1.80763458e+02, 5.91927429e+02 ]
   - !!opencv-matrix
      rows: 3
      cols: 1
      dt: f
      data: [ 6.31035461e+02, 1.80763458e+02, 5.91927429e+02 ]
   - !!opencv-matrix
      rows: 3
      cols: 1
      dt: f
      data: [ 6.31035461e+02, 1.80763458e+02, 5.91927429e+02 ]
   - !!opencv-matrix
      rows: 3
      cols: 1
      dt: f
      data: [ 6.31036377e+02, 1.80763672e+02, 5.91926086e+02 ]
