%YAML:1.0
---
t2c_r:
   - !!opencv-matrix
      rows: 3
      cols: 3
      dt: f
      data: [ 9.89644229e-01, -1.21403769e-01, 7.65857697e-02,
          -1.21405594e-01, -9.92592096e-01, -4.64932900e-03,
          7.65828714e-02, -4.69675893e-03, -9.97052133e-01 ]
   - !!opencv-matrix
      rows: 3
      cols: 3
      dt: f
      data: [ 9.89644229e-01, -1.21403769e-01, 7.65857697e-02,
          -1.21405594e-01, -9.92592096e-01, -4.64932900e-03,
          7.65828714e-02, -4.69675893e-03, -9.97052133e-01 ]
   - !!opencv-matrix
      rows: 3
      cols: 3
      dt: f
      data: [ 9.89644229e-01, -1.21403769e-01, 7.65857697e-02,
          -1.21405594e-01, -9.92592096e-01, -4.64932900e-03,
          7.65828714e-02, -4.69675893e-03, -9.97052133e-01 ]
   - !!opencv-matrix
      rows: 3
      cols: 3
      dt: f
      data: [ 9.89644229e-01, -1.21403769e-01, 7.65857697e-02,
          -1.21405594e-01, -9.92592096e-01, -4.64932900e-03,
          7.65828714e-02, -4.69675893e-03, -9.97052133e-01 ]
   - !!opencv-matrix
      rows: 3
      cols: 3
      dt: f
      data: [ 9.89644229e-01, -1.21403769e-01, 7.65857697e-02,
          -1.21405594e-01, -9.92592096e-01, -4.64932900e-03,
          7.65828714e-02, -4.69675893e-03, -9.97052133e-01 ]
   - !!opencv-matrix
      rows: 3
      cols: 3
      dt: f
      data: [ 9.89644229e-01, -1.21403769e-01, 7.65857697e-02,
          -1.21405594e-01, -9.92592096e-01, -4.64932900e-03,
          7.65828714e-02, -4.69675893e-03, -9.97052133e-01 ]
   - !!opencv-matrix
      rows: 3
      cols: 3
      dt: f
      data: [ 9.89644229e-01, -1.21403769e-01, 7.65857697e-02,
          -1.21405594e-01, -9.92592096e-01, -4.64932900e-03,
          7.65828714e-02, -4.69675893e-03, -9.97052133e-01 ]
   - !!opencv-matrix
      rows: 3
      cols: 3
      dt: f
      data: [ 9.89644229e-01, -1.21403769e-01, 7.65857697e-02,
          -1.21405594e-01, -9.92592096e-01, -4.64932900e-03,
          7.65828714e-02, -4.69675893e-03, -9.97052133e-01 ]
   - !!opencv-matrix
      rows: 3
      cols: 3
      dt: f
      data: [ 9.89644229e-01, -1.21403769e-01, 7.65857697e-02,
          -1.21405594e-01, -9.92592096e-01, -4.64932900e-03,
          7.65828714e-02, -4.69675893e-03, -9.97052133e-01 ]
   - !!opencv-matrix
      rows: 3
      cols: 3
      dt: f
      data: [ 9.89644229e-01, -1.21403769e-01, 7.65857697e-02,
          -1.21405594e-01, -9.92592096e-01, -4.64932900e-03,
          7.65828714e-02, -4.69675893e-03, -9.97052133e-01 ]
   - !!opencv-matrix
      rows: 3
      cols: 3
      dt: f
      data: [ 9.89644229e-01, -1.21403769e-01, 7.65857697e-02,
          -1.21405594e-01, -9.92592096e-01, -4.64932900e-03,
          7.65828714e-02, -4.69675893e-03, -9.97052133e-01 ]
   - !!opencv-matrix
      rows: 3
      cols: 3
      dt: f
      data: [ 9.89644229e-01, -1.21403769e-01, 7.65857697e-02,
          -1.21405594e-01, -9.92592096e-01, -4.64932900e-03,
          7.65828714e-02, -4.69675893e-03, -9.97052133e-01 ]
   - !!opencv-matrix
      rows: 3
      cols: 3
      dt: f
      data: [ 9.89644229e-01, -1.21403769e-01, 7.65857697e-02,
          -1.21405594e-01, -9.92592096e-01, -4.64932900e-03,
          7.65828714e-02, -4.69675893e-03, -9.97052133e-01 ]
   - !!opencv-matrix
      rows: 3
      cols: 3
      dt: f
      data: [ 9.89644229e-01, -1.21403769e-01, 7.65857697e-02,
          -1.21405594e-01, -9.92592096e-01, -4.64932900e-03,
          7.65828714e-02, -4.69675893e-03, -9.97052133e-01 ]
   - !!opencv-matrix
      rows: 3
      cols: 3
      dt: f
      data: [ 9.89644229e-01, -1.21403769e-01, 7.65857697e-02,
          -1.21405594e-01, -9.92592096e-01, -4.64932900e-03,
          7.65828714e-02, -4.69675893e-03, -9.97052133e-01 ]
   - !!opencv-matrix
      rows: 3
      cols: 3
      dt: f
      data: [ 9.89644229e-01, -1.21403769e-01, 7.65857697e-02,
          -1.21405594e-01, -9.92592096e-01, -4.64932900e-03,
          7.65828714e-02, -4.69675893e-03, -9.97052133e-01 ]
   - !!opencv-matrix
      rows: 3
      cols: 3
      dt: f
      data: [ 9.89644229e-01, -1.21403769e-01, 7.65857697e-02,
          -1.21405594e-01, -9.92592096e-01, -4.64932900e-03,
          7.65828714e-02, -4.69675893e-03, -9.97052133e-01 ]
   - !!opencv-matrix
      rows: 3
      cols: 3
      dt: f
      data: [ 9.89644229e-01, -1.21403769e-01, 7.65857697e-02,
          -1.21405594e-01, -9.92592096e-01, -4.64932900e-03,
          7.65828714e-02, -4.69675893e-03, -9.97052133e-01 ]
   - !!opencv-matrix
      rows: 3
      cols: 3
      dt: f
      data: [ 9.89644229e-01, -1.21403769e-01, 7.65857697e-02,
          -1.21405594e-01, -9.92592096e-01, -4.64932900e-03,
          7.65828714e-02, -4.69675893e-03, -9.97052133e-01 ]
   - !!opencv-matrix
      rows: 3
      cols: 3
      dt: f
      data: [ 9.89644229e-01, -1.21403769e-01, 7.65857697e-02,
          -1.21405594e-01, -9.92592096e-01, -4.64932900e-03,
          7.65828714e-02, -4.69675893e-03, -9.97052133e-01 ]
   - !!opencv-matrix
      rows: 3
      cols: 3
      dt: f
      data: [ 9.89644229e-01, -1.21403769e-01, 7.65857697e-02,
          -1.21405594e-01, -9.92592096e-01, -4.64932900e-03,
          7.65828714e-02, -4.69675893e-03, -9.97052133e-01 ]
t2c_t:
   - !!opencv-matrix
      rows: 3
      cols: 1
      dt: f
      data: [ -1.39574356e+02, -8.15805912e+00, 582. ]
   - !!opencv-matrix
      rows: 3
      cols: 1
      dt: f
      data: [ -1.39574356e+02, -8.15805912e+00, 582. ]
   - !!opencv-matrix
      rows: 3
      cols: 1
      dt: f
      data: [ -1.39574356e+02, -8.15805912e+00, 582. ]
   - !!opencv-matrix
      rows: 3
      cols: 1
      dt: f
      data: [ -1.39574356e+02, -8.15805912e+00, 582. ]
   - !!opencv-matrix
      rows: 3
      cols: 1
      dt: f
      data: [ -1.39574356e+02, -8.15805912e+00, 582. ]
   - !!opencv-matrix
      rows: 3
      cols: 1
      dt: f
      data: [ -1.39574356e+02, -8.15805912e+00, 582. ]
   - !!opencv-matrix
      rows: 3
      cols: 1
      dt: f
      data: [ -1.39574356e+02, -8.15805912e+00, 582. ]
   - !!opencv-matrix
      rows: 3
      cols: 1
      dt: f
      data: [ -1.39574356e+02, -8.15805912e+00, 582. ]
   - !!opencv-matrix
      rows: 3
      cols: 1
      dt: f
      data: [ -1.39574356e+02, -8.15805912e+00, 582. ]
   - !!opencv-matrix
      rows: 3
      cols: 1
      dt: f
      data: [ -1.39574356e+02, -8.15805912e+00, 582. ]
   - !!opencv-matrix
      rows: 3
      cols: 1
      dt: f
      data: [ -1.39574356e+02, -8.15805912e+00, 582. ]
   - !!opencv-matrix
      rows: 3
      cols: 1
      dt: f
      data: [ -1.39574356e+02, -8.15805912e+00, 582. ]
   - !!opencv-matrix
      rows: 3
      cols: 1
      dt: f
      data: [ -1.39574356e+02, -8.15805912e+00, 582. ]
   - !!opencv-matrix
      rows: 3
      cols: 1
      dt: f
      data: [ -1.39574356e+02, -8.15805912e+00, 582. ]
   - !!opencv-matrix
      rows: 3
      cols: 1
      dt: f
      data: [ -1.39574356e+02, -8.15805912e+00, 582. ]
   - !!opencv-matrix
      rows: 3
      cols: 1
      dt: f
      data: [ -1.39574356e+02, -8.15805912e+00, 582. ]
   - !!opencv-matrix
      rows: 3
      cols: 1
      dt: f
      data: [ -1.39574356e+02, -8.15805912e+00, 582. ]
   - !!opencv-matrix
      rows: 3
      cols: 1
      dt: f
      data: [ -1.39574356e+02, -8.15805912e+00, 582. ]
   - !!opencv-matrix
      rows: 3
      cols: 1
      dt: f
      data: [ -1.39574356e+02, -8.15805912e+00, 582. ]
   - !!opencv-matrix
      rows: 3
      cols: 1
      dt: f
      data: [ -1.39574356e+02, -8.15805912e+00, 582. ]
   - !!opencv-matrix
      rows: 3
      cols: 1
      dt: f
      data: [ -1.39574356e+02, -8.15805912e+00, 582. ]
